11
-
0 8 6 5 13 10 26 25 19 18 23
8 0 2 3 9 6 22 21 15 14 19
6 2 0 1 7 4 20 19 13 12 17
5 3 1 0 8 5 21 20 14 13 18
13 9 7 8 0 11 16 15 6 8 13
10 6 4 5 11 0 16 15 10 8 13
26 22 20 21 16 16 0 5 10 8 3
25 21 19 20 15 15 5 0 9 7 2
19 15 13 14 6 10 10 9 0 2 7
18 14 12 13 8 8 8 7 2 0 5
23 19 17 18 13 13 3 2 7 5 0
